14063470600
9042311600
6507012293
9238617500
6701682753
57205957535
7003477284
7102453029
7402664076
7003264101
7004347903
7003901789
35515377100
57202010773
57212284851
57659289000
57200367869
57210896436
57208803993
57189947790
56692353000
57211858961
23089970900
55513880800
57192308788
57605871500
57215027600
56601665200
23491230900
36678774900
6601990597
55584088400
31367533500
57204589377
55911614600
57451937400
55497027100
55496892400
57117224700
55091028800
16176492500
57220780331
57219133163
26024139600
8514433200
6505854090
57185905900
12774483500
6602802066
57021021900
55203125700
55874730600
57660859000
57197314948
8934427100
7004340228
57215231660
6507865503
6603720477
57201554907
7005276757
57188653588
57193665917
57222145242
57206668645
56410135700
57193491114
55922501300
55734890300
57197798188
57196023637
6603095096
23470895100
6506599158
57210424956
56271023800
57221310471
37117221400
55998953300
7003741274
36609154000
7102628941
6602731148
6701775349
35076381300
57206443863
36659821100
6602533471
37015147100
6603109978
57193535524
36455249900
6506236916
7005803471
6508009461
8736056000
6505898040
9133286600
35351327800
36952990000
18041779300
36853892600
55670009900
7404666250
16554115600
57207489705
57189465385
57204619584
57202536558
36696850100
8584291800
57197536277
55935155900
57191177830
55762411500
57216275911
57217578114
56345822100
57190222373
57214665866
57195355018
56286385100
57191613608
6603402723
56819840600
56800617600
8765527300
55948280800
57211317427
55629585700
57208450526
57199948926
57205436335
56610009800
55574285700
55413116800
16039244600
7801660143
7402232574
6504566924
7005456988
57214757307
56377106500
24476546400
7005444298
7402051682
6701852688
14324296100
26644276900
23984505600
8776629000
26537597100
7006328373
6701806258
8744644900
7403191361
7005882533
7006034871
6507760934
7102039580
7003510367
7005737917
